0 0.44973958333333336 0.34953703703703703 0.10989583333333333 0.14351851851851852
0 0.30442708333333335 0.4625 0.08697916666666666 0.11203703703703703
0 0.303125 0.7171296296296297 0.084375 0.11203703703703703
0 0.4359375 0.5731481481481482 0.11145833333333334 0.15185185185185185
0 0.5096354166666667 0.5972222222222222 0.10989583333333333 0.14629629629629629
1 0.28125 0.49212962962962964 0.029166666666666667 0.021296296296296296
1 0.440625 0.3962962962962963 0.03125 0.022222222222222223
1 0.28177083333333336 0.7476851851851852 0.030208333333333334 0.021296296296296296
1 0.4265625 0.6217592592592592 0.03125 0.023148148148148147
1 0.5013020833333334 0.6458333333333334 0.030729166666666665 0.023148148148148147
