0 0.4510416666666667 0.34629629629629627 0.1125 0.15185185185185185
0 0.3028645833333333 0.462037037037037 0.08489583333333334 0.10925925925925926
0 0.4354166666666667 0.5699074074074074 0.11041666666666666 0.14537037037037037
0 0.509375 0.5972222222222222 0.11041666666666666 0.15
0 0.30390625 0.7194444444444444 0.0859375 0.1111111111111111
1 0.28151041666666665 0.48842592592592593 0.028645833333333332 0.025
1 0.44166666666666665 0.39537037037037037 0.029166666666666667 0.024074074074074074
1 0.42734375 0.6208333333333333 0.0296875 0.017592592592592594
1 0.28151041666666665 0.7462962962962963 0.028645833333333332 0.020370370370370372
1 0.5010416666666667 0.6476851851851851 0.027083333333333334 0.023148148148148147
