0 0.39505208333333336 0.2625 0.06302083333333333 0.08425925925925926
0 0.40572916666666664 0.337037037037037 0.06354166666666666 0.09259259259259259
0 0.49453125 0.337037037037037 0.0640625 0.08333333333333333
0 0.5869791666666667 0.37592592592592594 0.065625 0.08333333333333333
0 0.48880208333333336 0.5277777777777778 0.06302083333333333 0.08333333333333333
0 0.38984375 0.5375 0.0640625 0.08981481481481482
0 0.31953125 0.6467592592592593 0.0640625 0.08611111111111111
0 0.3859375 0.7342592592592593 0.0625 0.08518518518518518
0 0.5072916666666667 0.6337962962962963 0.075 0.08981481481481482
0 0.5294270833333333 0.6907407407407408 0.06197916666666667 0.07962962962962963
0 0.5869791666666667 0.662962962962963 0.06354166666666666 0.07962962962962963
0 0.6578125 0.5912037037037037 0.0625 0.10277777777777777
0 0.3026041666666667 0.4356481481481482 0.07395833333333333 0.08425925925925926
0 0.6447916666666667 0.27314814814814814 0.0625 0.08333333333333333
0 0.7 0.35648148148148145 0.0625 0.10925925925925926
0 0.5854166666666667 0.5615740740740741 0.0625 0.075
1 0.39036458333333335 0.36064814814814816 0.021354166666666667 0.01574074074074074
1 0.47890625 0.35648148148148145 0.0234375 0.014814814814814815
1 0.57265625 0.4 0.0234375 0.012962962962962963
1 0.68359375 0.39351851851851855 0.0203125 0.012962962962962963
1 0.6286458333333333 0.3050925925925926 0.017708333333333333 0.019444444444444445
1 0.6416666666666667 0.6319444444444444 0.020833333333333332 0.017592592592592594
1 0.5690104166666666 0.5824074074074074 0.021354166666666667 0.012962962962962963
1 0.5138020833333333 0.7152777777777778 0.019270833333333334 0.013888888888888888
1 0.49713541666666666 0.6606481481481481 0.022395833333333334 0.01574074074074074
1 0.3692708333333333 0.7537037037037037 0.021875 0.016666666666666666
1 0.3731770833333333 0.5643518518518519 0.019270833333333334 0.019444444444444445
1 0.29375 0.46435185185185185 0.021875 0.017592592592592594
1 0.3033854166666667 0.6731481481481482 0.021354166666666667 0.014814814814814815
1 0.3796875 0.2865740740740741 0.025 0.017592592592592594
1 0.5716145833333334 0.6833333333333333 0.022395833333333334 0.016666666666666666
