0 0.16034985422740525 0.37176165803108807 0.18658892128279883 0.20466321243523317
0 0.37682215743440234 0.3743523316062176 0.19096209912536444 0.22020725388601037
0 0.4686588921282799 0.21243523316062177 0.1880466472303207 0.20725388601036268
0 0.4912536443148688 0.9235751295336787 0.18658892128279883 0.14248704663212436
0 0.11005830903790087 0.7927461139896373 0.21720116618075802 0.22279792746113988
1 0.11151603498542274 0.42357512953367876 0.06268221574344024 0.038860103626943004
1 0.42201166180758015 0.26813471502590674 0.0597667638483965 0.038860103626943004
1 0.3294460641399417 0.4365284974093264 0.0641399416909621 0.03367875647668394
1 0.08163265306122448 0.866580310880829 0.0641399416909621 0.03367875647668394
1 0.4446064139941691 0.9909326424870466 0.0641399416909621 0.012953367875647668
