0 0.44973958333333336 0.3476851851851852 0.10989583333333333 0.14351851851851852
0 0.30390625 0.46111111111111114 0.0859375 0.10925925925925926
0 0.4348958333333333 0.5717592592592593 0.11354166666666667 0.15092592592592594
0 0.5088541666666667 0.5962962962962963 0.109375 0.1425925925925926
0 0.30416666666666664 0.7175925925925926 0.08541666666666667 0.1111111111111111
1 0.28177083333333336 0.4912037037037037 0.028125 0.019444444444444445
1 0.44166666666666665 0.3958333333333333 0.03125 0.021296296296296296
1 0.28125 0.7486111111111111 0.028125 0.023148148148148147
1 0.42734375 0.6208333333333333 0.0296875 0.025
1 0.5 0.6467592592592593 0.029166666666666667 0.017592592592592594
